116
114
34 35 26 33 
13 20 21 22 
42 23 24 9 2 1 77 78 100 106 108 109 18 21 22 20 
42 23 24 9 2 1 77 78 100 106 108 109 18 21 22 20 
42 23 24 9 2 1 77 78 100 106 108 109 18 21 22 20 
42 23 24 9 2 1 77 78 100 106 108 109 18 21 22 20 
42 23 24 9 2 1 77 78 100 106 108 109 18 21 22 20 
42 23 24 9 2 1 77 78 100 106 108 109 18 21 22 20 
42 23 24 9 2 1 77 78 100 106 108 109 18 21 22 20 
42 23 24 9 2 1 77 78 100 106 108 109 18 21 22 20 
67 68 114 34 18 102 97 48 65 60 
67 68 114 34 18 102 97 48 65 60 
67 68 114 34 18 102 97 48 65 60 
67 68 114 34 18 102 97 48 65 60 
67 68 114 34 18 102 97 48 65 60 
3 98 11 26 32 5 78 92 105 25 
3 98 11 26 32 5 78 92 105 25 
3 98 11 26 32 5 78 92 105 25 
3 98 11 26 32 5 78 92 105 25 
40 56 1 22 32 53 16 57 24 21 18 
40 56 1 22 32 53 16 57 24 21 18 
40 56 1 22 32 53 16 57 24 21 18 
40 56 1 22 32 53 16 57 24 21 18 
40 56 1 22 32 53 16 57 24 21 18 
44 45 49 5 55 77 43 
44 45 49 5 55 77 43 
44 45 49 5 55 77 43 
39 60 89 59 
39 60 89 59 
13 42 49 83 105 2 17 68 113 
13 42 49 83 105 2 17 68 113 
13 42 49 83 105 2 17 68 113 
13 42 49 83 105 2 17 68 113 
38 76 37 93 28 5 49 94 98 29 42 78 10 12 
38 76 37 93 28 5 49 94 98 29 42 78 10 12 
38 76 37 93 28 5 49 94 98 29 42 78 10 12 
38 76 37 93 28 5 49 94 98 29 42 78 10 12 
74 15 21 53 56 66 1 20 
74 15 21 53 56 66 1 20 
74 15 21 53 56 66 1 20 
15 33 34 35 71 72 73 
15 33 34 35 71 72 73 
15 33 34 35 71 72 73 
99 101 27 82 29 26 22 45 44 95 43 30 20 28 113 114 83 103 17 57 3 105 69 80 84 85 90 56 32 
99 101 27 82 29 26 22 45 44 95 43 30 20 28 113 114 83 103 17 57 3 105 69 80 84 85 90 56 32 
99 101 27 82 29 26 22 45 44 95 43 30 20 28 113 114 83 103 17 57 3 105 69 80 84 85 90 56 32 
99 101 27 82 29 26 22 45 44 95 43 30 20 28 113 114 83 103 17 57 3 105 69 80 84 85 90 56 32 
99 101 27 82 29 26 22 45 44 95 43 30 20 28 113 114 83 103 17 57 3 105 69 80 84 85 90 56 32 
99 101 27 82 29 26 22 45 44 95 43 30 20 28 113 114 83 103 17 57 3 105 69 80 84 85 90 56 32 
31 32 28 42 47 49 50 3 5 10 12 91 92 78 81 98 104 110 111 112 
31 32 28 42 47 49 50 3 5 10 12 91 92 78 81 98 104 110 111 112 
31 32 28 42 47 49 50 3 5 10 12 91 92 78 81 98 104 110 111 112 
31 32 28 42 47 49 50 3 5 10 12 91 92 78 81 98 104 110 111 112 
6 19 29 49 69 79 90 88 
6 19 29 49 69 79 90 88 
6 19 29 49 69 79 90 88 
6 19 29 49 69 79 90 88 
105 114 100 87 85 66 
19 77 75 69 50 51 108 109 54 103 76 38 10 
19 77 75 69 50 51 108 109 54 103 76 38 10 
19 77 75 69 50 51 108 109 54 103 76 38 10 
19 77 75 69 50 51 108 109 54 103 76 38 10 
45 44 55 27 49 104 110 111 112 
45 44 55 27 49 104 110 111 112 
45 44 55 27 49 104 110 111 112 
15 34 74 72 76 73 21 37 105 107 20 17 23 89 
15 34 74 72 76 73 21 37 105 107 20 17 23 89 
15 34 74 72 76 73 21 37 105 107 20 17 23 89 
15 34 74 72 76 73 21 37 105 107 20 17 23 89 
15 34 74 72 76 73 21 37 105 107 20 17 23 89 
15 34 74 72 76 73 21 37 105 107 20 17 23 89 
15 34 74 72 76 73 21 37 105 107 20 17 23 89 
43 75 12 55 77 94 99 56 69 79 
43 75 12 55 77 94 99 56 69 79 
43 75 12 55 77 94 99 56 69 79 
43 75 12 55 77 94 99 56 69 79 
43 75 12 55 77 94 99 56 69 79 
75 8 44 66 45 84 21 
75 8 44 66 45 84 21 
75 8 44 66 45 84 21 
6 108 109 
5 28 76 42 38 31 37 32 111 93 78 83 12 6 
5 28 76 42 38 31 37 32 111 93 78 83 12 6 
5 28 76 42 38 31 37 32 111 93 78 83 12 6 
5 28 76 42 38 31 37 32 111 93 78 83 12 6 
5 28 76 42 38 31 37 32 111 93 78 83 12 6 
21 42 47 71 82 113 68 110 17 20 49 87 
21 42 47 71 82 113 68 110 17 20 49 87 
21 42 47 71 82 113 68 110 17 20 49 87 
56 24 25 16 1 73 85 72 71 99 81 100 57 52 
56 24 25 16 1 73 85 72 71 99 81 100 57 52 
56 24 25 16 1 73 85 72 71 99 81 100 57 52 
56 24 25 16 1 73 85 72 71 99 81 100 57 52 
56 24 25 16 1 73 85 72 71 99 81 100 57 52 
56 24 25 16 1 73 85 72 71 99 81 100 57 52 
56 24 25 16 1 73 85 72 71 99 81 100 57 52 
8 45 19 43 72 75 69 
8 45 19 43 72 75 69 
8 45 19 43 72 75 69 
43 44 45 55 64 15 75 79 99 100 101 63 19 4 6 14 106 36 
43 44 45 55 64 15 75 79 99 100 101 63 19 4 6 14 106 36 
43 44 45 55 64 15 75 79 99 100 101 63 19 4 6 14 106 36 
43 44 45 55 64 15 75 79 99 100 101 63 19 4 6 14 106 36 
43 44 45 55 64 15 75 79 99 100 101 63 19 4 6 14 106 36 
43 44 45 55 64 15 75 79 99 100 101 63 19 4 6 14 106 36 
43 44 45 55 64 15 75 79 99 100 101 63 19 4 6 14 106 36 
43 44 45 55 64 15 75 79 99 100 101 63 19 4 6 14 106 36 
43 44 45 55 64 15 75 79 99 100 101 63 19 4 6 14 106 36 
58 97 48 65 70 39 86 96 
58 97 48 65 70 39 86 96 
58 97 48 65 70 39 86 96 
58 97 48 65 70 39 86 96 
50 49 10 104 2 5 32 46 79 6 78 3 92 
50 49 10 104 2 5 32 46 79 6 78 3 92 
50 49 10 104 2 5 32 46 79 6 78 3 92 
50 49 10 104 2 5 32 46 79 6 78 3 92 
1
1
1
1
1
1
1
1
1
1
1
1
1
1
1
1
1
1
1
1
1
1
1
1
1
1
1
1
1
1
1
1
1
1
1
1
1
1
1
1
1
1
1
1
1
1
1
1
1
1
1
1
1
1
1
1
1
1
1
1
1
1
1
1
1
1
1
1
1
1
1
1
1
1
1
1
1
1
1
1
1
1
1
1
1
1
1
1
1
1
1
1
1
1
1
1
1
1
1
1
1
1
1
1
1
1
1
1
1
1
1
1
1
1
