Greedy maximum matching
Matching size: 98
Matching weight: 537
Matching profile: (23,11,9,13,5,4,5,5,4,5,1,5,2,2,0,1,0,1,0,1,0,0,0,1)
Applicant  Assigned post  Rank
   1            34          1
   2            20          2
   3            42          1
   4            23          2
   5             9          4
   6             2          5
   7            78          8
   8           100          9
   9           106         10
  10           109         12
  11            67          1
  12            68          2
  13           114          3
  14            18          5
  16             3          1
  17            98          2
  18            11          3
  19            26          4
  20            40          1
  21             1          3
  22            22          4
  23            57          8
  25            44          1
  26            49          3
  30            13          1
  31            83          4
  32            17          7
  33           113          9
  34            38          1
  35            76          2
  36            37          3
  37            10         13
  38            74          1
  39            53          4
  41            71          5
  42            33          2
  43            35          4
  44            99          1
  45           101          2
  46            80         24
  47            82          4
  48            95         10
  49            30         12
  50            31          1
  51            32          2
  52            91         12
  53           112         20
  54             6          1
  55            29          3
  56            88          8
  57            90          7
  58           105          1
  59            19          1
  60           103         10
  61            54          9
  62            51          6
  63            45          1
  64            27          4
  65           110          7
  66            72          4
  67            73          6
  68           107         10
  69            15          1
  73            43          1
  74            12          3
  75            94          6
  76            55          4
  77            77          5
  78            75          1
  79            66          4
  80            84          6
  81           108          2
  82             5          1
  83            28          2
  84           111          9
  85            93         10
  87            21          1
  88            47          3
  89            87         12
  90            56          1
  91            24          2
  92            25          3
  93            16          4
  94            85          7
  95            81         11
  96            52         14
  97             8          1
  98            69          7
 100            64          5
 101            63         12
 102             4         14
 103            14         16
 104            36         18
 105            79          8
 113            50          1
 114            92         13
 115            46          8
 116           104          4

Unmatched applicants
15
24
27
28
29
40
70
71
72
86
99
106
107
108
109
110
111
112


Post  Places filled Capacity          Assignees
  1           1         1          21
  2           1         1           6
  3           1         1          16
  4           1         1         102
  5           1         1          82
  6           1         1          54
  7           0         1      
  8           1         1          97
  9           1         1           5
 10           1         1          37
 11           1         1          18
 12           1         1          74
 13           1         1          30
 14           1         1         103
 15           1         1          69
 16           1         1          93
 17           1         1          32
 18           1         1          14
 19           1         1          59
 20           1         1           2
 21           1         1          87
 22           1         1          22
 23           1         1           4
 24           1         1          91
 25           1         1          92
 26           1         1          19
 27           1         1          64
 28           1         1          83
 29           1         1          55
 30           1         1          49
 31           1         1          50
 32           1         1          51
 33           1         1          42
 34           1         1           1
 35           1         1          43
 36           1         1         104
 37           1         1          36
 38           1         1          34
 39           0         1      
 40           1         1          20
 41           0         1      
 42           1         1           3
 43           1         1          73
 44           1         1          25
 45           1         1          63
 46           1         1         115
 47           1         1          88
 48           0         1      
 49           1         1          26
 50           1         1         113
 51           1         1          62
 52           1         1          96
 53           1         1          39
 54           1         1          61
 55           1         1          76
 56           1         1          90
 57           1         1          23
 58           0         1      
 59           0         1      
 60           0         1      
 61           0         1      
 62           0         1      
 63           1         1         101
 64           1         1         100
 65           0         1      
 66           1         1          79
 67           1         1          11
 68           1         1          12
 69           1         1          98
 70           0         1      
 71           1         1          41
 72           1         1          66
 73           1         1          67
 74           1         1          38
 75           1         1          78
 76           1         1          35
 77           1         1          77
 78           1         1           7
 79           1         1         105
 80           1         1          46
 81           1         1          95
 82           1         1          47
 83           1         1          31
 84           1         1          80
 85           1         1          94
 86           0         1      
 87           1         1          89
 88           1         1          56
 89           0         1      
 90           1         1          57
 91           1         1          52
 92           1         1         114
 93           1         1          85
 94           1         1          75
 95           1         1          48
 96           0         1      
 97           0         1      
 98           1         1          17
 99           1         1          44
100           1         1           8
101           1         1          45
102           0         1      
103           1         1          60
104           1         1         116
105           1         1          58
106           1         1           9
107           1         1          68
108           1         1          81
109           1         1          10
110           1         1          65
111           1         1          84
112           1         1          53
113           1         1          33
114           1         1          13


Generous maximum matching
Matching size: 98
Matching weight: 504
Matching profile: (17,12,14,12,8,6,7,6,3,4,1,3,0,2,0,1,0,1,0,0,0,0,0,1)
Applicant  Assigned post  Rank
   1            26          3
   2            20          2
   3            42          1
   4            23          2
   5             9          4
   6             2          5
   7            78          8
   8           100          9
   9           106         10
  11            67          1
  12            68          2
  13           114          3
  14            18          5
  16             3          1
  17            98          2
  18            11          3
  19            92          8
  20            40          1
  21             1          3
  22            22          4
  23            57          8
  25            44          1
  26            45          2
  27            49          3
  30            13          1
  31            83          4
  32           105          5
  33            17          7
  34            38          1
  35            76          2
  36            37          3
  37            93          4
  38            74          1
  39            53          4
  40            21          3
  41            71          5
  42            33          2
  43            35          4
  44            80         24
  45           101          2
  46            27          3
  47            30         12
  48            29          5
  49            95         10
  50            31          1
  51            32          2
  52            91         12
  54             6          1
  55            88          8
  56            79          6
  57            90          7
  58            87          4
  59           108          7
  60            54          9
  61           103         10
  62            51          6
  63           111          8
  64           112          9
  65           110          7
  66            34          2
  67            72          4
  68            73          6
  69           107         10
  70            15          1
  73            99          7
  74            12          3
  75            94          6
  76            55          4
  77            77          5
  78            75          1
  79            66          4
  80            84          6
  81           109          3
  82             5          1
  83            28          2
  87           113          6
  88            47          3
  89            82          5
  90            56          1
  91            24          2
  92            25          3
  93            16          4
  94            85          7
  95            81         11
  96            52         14
  97             8          1
  98            19          3
  99            69          7
 100            64          5
 101            63         12
 102             4         14
 103            14         16
 104            36         18
 105            43          1
 113            50          1
 114            46          8
 115            10          3
 116           104          4

Unmatched applicants
10
15
24
28
29
53
71
72
84
85
86
106
107
108
109
110
111
112


Post  Places filled Capacity          Assignees
  1           1         1          21
  2           1         1           6
  3           1         1          16
  4           1         1         102
  5           1         1          82
  6           1         1          54
  7           0         1      
  8           1         1          97
  9           1         1           5
 10           1         1         115
 11           1         1          18
 12           1         1          74
 13           1         1          30
 14           1         1         103
 15           1         1          70
 16           1         1          93
 17           1         1          33
 18           1         1          14
 19           1         1          98
 20           1         1           2
 21           1         1          40
 22           1         1          22
 23           1         1           4
 24           1         1          91
 25           1         1          92
 26           1         1           1
 27           1         1          46
 28           1         1          83
 29           1         1          48
 30           1         1          47
 31           1         1          50
 32           1         1          51
 33           1         1          42
 34           1         1          66
 35           1         1          43
 36           1         1         104
 37           1         1          36
 38           1         1          34
 39           0         1      
 40           1         1          20
 41           0         1      
 42           1         1           3
 43           1         1         105
 44           1         1          25
 45           1         1          26
 46           1         1         114
 47           1         1          88
 48           0         1      
 49           1         1          27
 50           1         1         113
 51           1         1          62
 52           1         1          96
 53           1         1          39
 54           1         1          60
 55           1         1          76
 56           1         1          90
 57           1         1          23
 58           0         1      
 59           0         1      
 60           0         1      
 61           0         1      
 62           0         1      
 63           1         1         101
 64           1         1         100
 65           0         1      
 66           1         1          79
 67           1         1          11
 68           1         1          12
 69           1         1          99
 70           0         1      
 71           1         1          41
 72           1         1          67
 73           1         1          68
 74           1         1          38
 75           1         1          78
 76           1         1          35
 77           1         1          77
 78           1         1           7
 79           1         1          56
 80           1         1          44
 81           1         1          95
 82           1         1          89
 83           1         1          31
 84           1         1          80
 85           1         1          94
 86           0         1      
 87           1         1          58
 88           1         1          55
 89           0         1      
 90           1         1          57
 91           1         1          52
 92           1         1          19
 93           1         1          37
 94           1         1          75
 95           1         1          49
 96           0         1      
 97           0         1      
 98           1         1          17
 99           1         1          73
100           1         1           8
101           1         1          45
102           0         1      
103           1         1          61
104           1         1         116
105           1         1          32
106           1         1           9
107           1         1          69
108           1         1          59
109           1         1          81
110           1         1          65
111           1         1          63
112           1         1          64
113           1         1          87
114           1         1          13


Mincost maximum matching
Matching size: 98
Matching weight: 497
Matching profile: (19,13,12,14,6,5,5,7,4,4,1,3,0,2,0,1,0,1,0,0,0,0,0,1)
Applicant  Assigned post  Rank
   1            26          3
   2            20          2
   3            42          1
   4            23          2
   5             9          4
   6             2          5
   7            78          8
   8           106         10
   9           100          9
  11            67          1
  12            68          2
  13           114          3
  14            18          5
  16             3          1
  17            98          2
  18            11          3
  19            92          8
  20            40          1
  21             1          3
  22            22          4
  23            57          8
  25            44          1
  26            49          3
  27            45          2
  30            13          1
  31            83          4
  32            17          7
  33           105          5
  34            38          1
  35            76          2
  36            37          3
  37            93          4
  38            74          1
  39            53          4
  41            35          4
  42            33          2
  43            71          5
  44            99          1
  45           101          2
  46            80         24
  47            82          4
  48            95         10
  49            30         12
  50            31          1
  51            32          2
  52            91         12
  54             6          1
  55            88          8
  56            29          3
  57            90          7
  58            87          4
  59           109          8
  60            54          9
  61           103         10
  62            51          6
  63           112          9
  64            27          4
  65           110          7
  66            34          2
  67            72          4
  68            73          6
  69            15          1
  70           107         10
  73            43          1
  74            12          3
  75            94          6
  76            77          5
  77            55          4
  78            75          1
  79            66          4
  80            84          6
  81           108          2
  82             5          1
  83            28          2
  84           111          9
  87            21          1
  88            47          3
  89           113          6
  90            56          1
  91            24          2
  92            25          3
  93            16          4
  94            85          7
  95            81         11
  96            52         14
  97             8          1
  98            19          3
  99            69          7
 100            64          5
 101            63         12
 102            79          8
 103             4         14
 104            14         16
 105            36         18
 113            50          1
 114            46          8
 115            10          3
 116           104          4

Unmatched applicants
10
15
24
28
29
40
53
71
72
85
86
106
107
108
109
110
111
112


Post  Places filled Capacity          Assignees
  1           1         1          21
  2           1         1           6
  3           1         1          16
  4           1         1         103
  5           1         1          82
  6           1         1          54
  7           0         1      
  8           1         1          97
  9           1         1           5
 10           1         1         115
 11           1         1          18
 12           1         1          74
 13           1         1          30
 14           1         1         104
 15           1         1          69
 16           1         1          93
 17           1         1          32
 18           1         1          14
 19           1         1          98
 20           1         1           2
 21           1         1          87
 22           1         1          22
 23           1         1           4
 24           1         1          91
 25           1         1          92
 26           1         1           1
 27           1         1          64
 28           1         1          83
 29           1         1          56
 30           1         1          49
 31           1         1          50
 32           1         1          51
 33           1         1          42
 34           1         1          66
 35           1         1          41
 36           1         1         105
 37           1         1          36
 38           1         1          34
 39           0         1      
 40           1         1          20
 41           0         1      
 42           1         1           3
 43           1         1          73
 44           1         1          25
 45           1         1          27
 46           1         1         114
 47           1         1          88
 48           0         1      
 49           1         1          26
 50           1         1         113
 51           1         1          62
 52           1         1          96
 53           1         1          39
 54           1         1          60
 55           1         1          77
 56           1         1          90
 57           1         1          23
 58           0         1      
 59           0         1      
 60           0         1      
 61           0         1      
 62           0         1      
 63           1         1         101
 64           1         1         100
 65           0         1      
 66           1         1          79
 67           1         1          11
 68           1         1          12
 69           1         1          99
 70           0         1      
 71           1         1          43
 72           1         1          67
 73           1         1          68
 74           1         1          38
 75           1         1          78
 76           1         1          35
 77           1         1          76
 78           1         1           7
 79           1         1         102
 80           1         1          46
 81           1         1          95
 82           1         1          47
 83           1         1          31
 84           1         1          80
 85           1         1          94
 86           0         1      
 87           1         1          58
 88           1         1          55
 89           0         1      
 90           1         1          57
 91           1         1          52
 92           1         1          19
 93           1         1          37
 94           1         1          75
 95           1         1          48
 96           0         1      
 97           0         1      
 98           1         1          17
 99           1         1          44
100           1         1           9
101           1         1          45
102           0         1      
103           1         1          61
104           1         1         116
105           1         1          33
106           1         1           8
107           1         1          70
108           1         1          81
109           1         1          59
110           1         1          65
111           1         1          84
112           1         1          63
113           1         1          89
114           1         1          13


Greedy generous maximum matching
Matching size: 98
Matching weight: 537
Matching profile: (23,11,9,13,5,4,5,5,4,5,1,5,2,2,0,1,0,1,0,1,0,0,0,1)
Applicant  Assigned post  Rank
   1            34          1
   2            20          2
   3            42          1
   4            23          2
   5             9          4
   6             2          5
   7            78          8
   8           100          9
   9           106         10
  10           109         12
  11            67          1
  12            68          2
  13           114          3
  14            18          5
  16             3          1
  17            98          2
  18            11          3
  19            26          4
  20            40          1
  21             1          3
  22            22          4
  23            57          8
  25            44          1
  26            49          3
  30            13          1
  31            83          4
  32            17          7
  33           113          9
  34            38          1
  35            76          2
  36            37          3
  37            10         13
  38            74          1
  39            53          4
  41            71          5
  42            33          2
  43            35          4
  44            99          1
  45           101          2
  46            80         24
  47            82          4
  48            95         10
  49            30         12
  50            31          1
  51            32          2
  52            91         12
  53           112         20
  54             6          1
  55            29          3
  56            88          8
  57            90          7
  58           105          1
  59            19          1
  60           103         10
  61            54          9
  62            51          6
  63            45          1
  64            27          4
  65           110          7
  66            72          4
  67            73          6
  68           107         10
  69            15          1
  73            43          1
  74            12          3
  75            94          6
  76            55          4
  77            77          5
  78            75          1
  79            66          4
  80            84          6
  81           108          2
  82             5          1
  83            28          2
  84           111          9
  85            93         10
  87            21          1
  88            47          3
  89            87         12
  90            56          1
  91            24          2
  92            25          3
  93            16          4
  94            85          7
  95            81         11
  96            52         14
  97             8          1
  98            69          7
 100            64          5
 101            63         12
 102             4         14
 103            14         16
 104            36         18
 105            79          8
 113            50          1
 114            92         13
 115            46          8
 116           104          4

Unmatched applicants
15
24
27
28
29
40
70
71
72
86
99
106
107
108
109
110
111
112


Post  Places filled Capacity          Assignees
  1           1         1          21
  2           1         1           6
  3           1         1          16
  4           1         1         102
  5           1         1          82
  6           1         1          54
  7           0         1      
  8           1         1          97
  9           1         1           5
 10           1         1          37
 11           1         1          18
 12           1         1          74
 13           1         1          30
 14           1         1         103
 15           1         1          69
 16           1         1          93
 17           1         1          32
 18           1         1          14
 19           1         1          59
 20           1         1           2
 21           1         1          87
 22           1         1          22
 23           1         1           4
 24           1         1          91
 25           1         1          92
 26           1         1          19
 27           1         1          64
 28           1         1          83
 29           1         1          55
 30           1         1          49
 31           1         1          50
 32           1         1          51
 33           1         1          42
 34           1         1           1
 35           1         1          43
 36           1         1         104
 37           1         1          36
 38           1         1          34
 39           0         1      
 40           1         1          20
 41           0         1      
 42           1         1           3
 43           1         1          73
 44           1         1          25
 45           1         1          63
 46           1         1         115
 47           1         1          88
 48           0         1      
 49           1         1          26
 50           1         1         113
 51           1         1          62
 52           1         1          96
 53           1         1          39
 54           1         1          61
 55           1         1          76
 56           1         1          90
 57           1         1          23
 58           0         1      
 59           0         1      
 60           0         1      
 61           0         1      
 62           0         1      
 63           1         1         101
 64           1         1         100
 65           0         1      
 66           1         1          79
 67           1         1          11
 68           1         1          12
 69           1         1          98
 70           0         1      
 71           1         1          41
 72           1         1          66
 73           1         1          67
 74           1         1          38
 75           1         1          78
 76           1         1          35
 77           1         1          77
 78           1         1           7
 79           1         1         105
 80           1         1          46
 81           1         1          95
 82           1         1          47
 83           1         1          31
 84           1         1          80
 85           1         1          94
 86           0         1      
 87           1         1          89
 88           1         1          56
 89           0         1      
 90           1         1          57
 91           1         1          52
 92           1         1         114
 93           1         1          85
 94           1         1          75
 95           1         1          48
 96           0         1      
 97           0         1      
 98           1         1          17
 99           1         1          44
100           1         1           8
101           1         1          45
102           0         1      
103           1         1          60
104           1         1         116
105           1         1          58
106           1         1           9
107           1         1          68
108           1         1          81
109           1         1          10
110           1         1          65
111           1         1          84
112           1         1          53
113           1         1          33
114           1         1          13


Naive greedy matching
Matching size: 94
Matching weight: 488
Matching profile: (17,12,11,12,7,8,4,6,3,3,2,3,1,2,0,1,1,1)
Applicant  Assigned post  Rank
   1            35          2
   2            20          2
   3            24          3
   4            78          8
   5             2          5
   6             9          4
   7           108         11
   8            23          2
   9            42          1
  10           100          9
  12            68          2
  13           114          3
  14            18          5
  15            67          1
  16            92          8
  17            11          3
  19            98          2
  20            32          5
  21            22          4
  22             1          3
  24            40          1
  27            49          3
  31            13          1
  32           105          5
  33            83          4
  35            38          1
  36            93          4
  37            76          2
  38            74          1
  39            66          6
  40            53          4
  41            15          1
  42            33          2
  44            26          6
  45           101          2
  46            95         10
  47            27          3
  48            82          4
  49            99          1
  50            31          1
  51            91         12
  52             3          8
  53            47          5
  54            29          3
  55            88          8
  56            90          7
  58            87          4
  59            51          6
  60            69          4
  61            19          1
  62           109          8
  63           104          6
  64           110          7
  65           112          9
  66           107         10
  67            34          2
  68            17         12
  70            72          4
  71            73          6
  73            43          1
  74            77          5
  75            12          3
  76            79         10
  77            94          6
  78            75          1
  79            84          6
  80             8          2
  81             6          1
  82           111          9
  83            28          2
  85            37          7
  86             5          1
  87           113          6
  88            21          1
  89            71          4
  90            25          3
  91            57         13
  92            52         14
  93            56          1
  94            16          4
  95            81         11
  96            85          7
 100            14         16
 101            45          3
 102             4         14
 103            44          2
 104           106         17
 105            36         18
 106            64          5
 107            55          4
 108            63         12
 113            46          8
 115            10          3
 116            50          1

Unmatched applicants
11
18
23
25
26
28
29
30
34
43
57
69
72
84
97
98
99
109
110
111
112
114


Post  Places filled Capacity          Assignees
  1           1         1          22
  2           1         1           5
  3           1         1          52
  4           1         1         102
  5           1         1          86
  6           1         1          81
  7           0         1      
  8           1         1          80
  9           1         1           6
 10           1         1         115
 11           1         1          17
 12           1         1          75
 13           1         1          31
 14           1         1         100
 15           1         1          41
 16           1         1          94
 17           1         1          68
 18           1         1          14
 19           1         1          61
 20           1         1           2
 21           1         1          88
 22           1         1          21
 23           1         1           8
 24           1         1           3
 25           1         1          90
 26           1         1          44
 27           1         1          47
 28           1         1          83
 29           1         1          54
 30           0         1      
 31           1         1          50
 32           1         1          20
 33           1         1          42
 34           1         1          67
 35           1         1           1
 36           1         1         105
 37           1         1          85
 38           1         1          35
 39           0         1      
 40           1         1          24
 41           0         1      
 42           1         1           9
 43           1         1          73
 44           1         1         103
 45           1         1         101
 46           1         1         113
 47           1         1          53
 48           0         1      
 49           1         1          27
 50           1         1         116
 51           1         1          59
 52           1         1          92
 53           1         1          40
 54           0         1      
 55           1         1         107
 56           1         1          93
 57           1         1          91
 58           0         1      
 59           0         1      
 60           0         1      
 61           0         1      
 62           0         1      
 63           1         1         108
 64           1         1         106
 65           0         1      
 66           1         1          39
 67           1         1          15
 68           1         1          12
 69           1         1          60
 70           0         1      
 71           1         1          89
 72           1         1          70
 73           1         1          71
 74           1         1          38
 75           1         1          78
 76           1         1          37
 77           1         1          74
 78           1         1           4
 79           1         1          76
 80           0         1      
 81           1         1          95
 82           1         1          48
 83           1         1          33
 84           1         1          79
 85           1         1          96
 86           0         1      
 87           1         1          58
 88           1         1          55
 89           0         1      
 90           1         1          56
 91           1         1          51
 92           1         1          16
 93           1         1          36
 94           1         1          77
 95           1         1          46
 96           0         1      
 97           0         1      
 98           1         1          19
 99           1         1          49
100           1         1          10
101           1         1          45
102           0         1      
103           0         1      
104           1         1          63
105           1         1          32
106           1         1         104
107           1         1          66
108           1         1           7
109           1         1          62
110           1         1          64
111           1         1          82
112           1         1          65
113           1         1          87
114           1         1          13
