   1            26          3
   2            20          2
   3            42          1
   4            23          2
   5             9          4
   6             2          5
   7            78          8
   8           106         10
   9           100          9
  11            67          1
  12            68          2
  13           114          3
  14            18          5
  16             3          1
  17            98          2
  18            11          3
  19            92          8
  20            40          1
  21             1          3
  22            22          4
  23            57          8
  25            44          1
  26            49          3
  27            45          2
  30            13          1
  31            83          4
  32            17          7
  33           105          5
  34            38          1
  35            76          2
  36            37          3
  37            93          4
  38            74          1
  39            53          4
  41            35          4
  42            33          2
  43            71          5
  44            99          1
  45           101          2
  46            80         24
  47            82          4
  48            95         10
  49            30         12
  50            31          1
  51            32          2
  52            91         12
  54             6          1
  55            88          8
  56            29          3
  57            90          7
  58            87          4
  59           109          8
  60            54          9
  61           103         10
  62            51          6
  63           112          9
  64            27          4
  65           110          7
  66            34          2
  67            72          4
  68            73          6
  69            15          1
  70           107         10
  73            43          1
  74            12          3
  75            94          6
  76            77          5
  77            55          4
  78            75          1
  79            66          4
  80            84          6
  81           108          2
  82             5          1
  83            28          2
  84           111          9
  87            21          1
  88            47          3
  89           113          6
  90            56          1
  91            24          2
  92            25          3
  93            16          4
  94            85          7
  95            81         11
  96            52         14
  97             8          1
  98            19          3
  99            69          7
 100            64          5
 101            63         12
 102            79          8
 103             4         14
 104            14         16
 105            36         18
 113            50          1
 114            46          8
 115            10          3
 116           104          4
