   1           187          1
   2           191          2
   3           159          3
   4           152          4
   5           107          9
   6           106          8
   7           120         16
   8             7          4
   9            20          6
  10           147         19
  11            80         10
  12            15          5
  13            72          1
  14            74          2
  15           185          4
  16           186          5
  17           136          6
  18           189          7
  19           197          9
  20            53          3
  21            98         10
  22            34         18
  23            17          6
  24           113          7
  25            31          8
  26            50         10
  27            10         16
  28            37          9
  29            85          3
  30            73         22
  31           188         14
  32            30          1
  33           156         15
  34            82          3
  35           137         14
  36           121         11
  37           164          6
  38           173          7
  39           125         13
  40             9          4
  41            65         13
  42            23          3
  43           149          4
  44           138         16
  45           117         15
  46           112          9
  47           168          1
  48           142          2
  49           108          3
  50            71          4
  51            36          6
  52           195         11
  53            76          4
  54           169          2
  55            52          3
  56            18          3
  57            35          5
  58           183          4
  59            75          8
  60            69          6
  61           105         10
  62            24          3
  63            29          4
  64            57          5
  65            51          1
  66           176          9
  67           151         14
  68             5          4
  69            32          5
  70            44          6
  71            83          1
  72            48          2
  73           141          3
  74           153          4
  75           163          1
  76           123          4
  77           172          5
  78            68          6
  79           126          8
  80           104          3
  81            99         10
  82            22         13
  83           140          1
  84           150          2
  85           109          6
  86           131          1
  87            60          2
  88           111          5
  89           170          7
  90           190         11
  91             4          3
  92            11          5
  93           124          3
  94           132         16
  95            21          4
  96             1          3
  97           130          7
  98            59          8
  99           162         10
 100           166         19
 101            45         15
 102           115         12
 103            86          1
 104            89          2
 105           196          3
 106           202          4
 107            19          7
 108            33          9
 109            58         10
 110            62         11
 111            25          8
 112           146         19
 113            81         13
 114           119         12
 115           103          3
 116           165         10
 117            79          9
 118           184         11
 119           157         15
 120           192          2
 121           198          4
 122            14          3
 123            55          9
 124           143          6
 125           128         13
 126           134          8
 127            27          2
 128           167          9
 129           102          5
 130            54          4
 131           177         10
 132           129          7
 133            97          1
 134           178         14
 135           160          9
 136           148          4
 137           174          5
 138           181          6
 139            56         10
 140            64         12
 141            63          3
 142            70          4
 143            77          6
 144           114          8
 145           161          1
 146           155          3
 147           118          5
 148           199         10
 149           116          6
 150            41         17
 151           180          8
 152            84          1
 153            12          3
 154            67          5
 155           158          7
 156           175          8
 157           179          9
 158           133          1
 159           139          3
 160           201          6
 161           135          2
 162           145          5
 163             8          7
 164            28          9
 165           200          6
 166            38          9
 167            46         11
 168            16          7
 169            40         10
 170            90          2
 171           194          5
 172            96          4
 173            91          3
 174           110         17
 175            47         12
 176           144          1
 177           193         10
 178           171          8
 179            13          1
 180            66          6
 181             2          2
 182             3          3
 183           127          8
 184           122          7
 185             6          9
 186            94          5
 187            95          6
 188            26         10
 189            88          1
 190            93          4
 191            78          1
 192            49          4
 193            43          3
 194            87          1
 195            92          2
 196           182          5
 197           154          8
 198            61          6
 199            39          2
 200            42          3
 201           203          1
