Greedy maximum matching
Matching size: 109
Matching weight: 643
Matching profile: (25,10,8,14,5,5,5,7,5,6,3,6,2,3,0,2,0,1,0,1,0,0,0,1)
Applicant  Assigned post  Rank
   1            34          1
   2            20          2
   3            42          1
   4            23          2
   5             9          4
   6             2          5
   7            78          8
   8           100          9
   9           106         10
  10           109         12
  11            67          1
  12            48          8
  13            60         10
  14            65          9
  15           102          6
  16             3          1
  17            98          2
  18            11          3
  19            26          4
  20            40          1
  21             1          3
  22            22          4
  23            57          8
  24            18         11
  25            44          1
  26            49          3
  28            39          1
  29            59          4
  30            13          1
  31            83          4
  32            68          8
  33           113          9
  34            38          1
  35            76          2
  36            37          3
  37            10         13
  38            74          1
  39            53          4
  41            71          5
  42            33          2
  43            35          4
  44            99          1
  45           114         16
  46            80         24
  47            82          4
  48            95         10
  49            30         12
  50            31          1
  51            32          2
  52            91         12
  53           112         20
  54             6          1
  55            29          3
  56            88          8
  57            90          7
  58           105          1
  59            19          1
  60           103         10
  61            54          9
  62            51          6
  63            45          1
  64            27          4
  65           110          7
  66            72          4
  67            73          6
  68           107         10
  69            89         14
  70            15          1
  71            17         12
  73            43          1
  74            12          3
  75            94          6
  76            55          4
  77            77          5
  78            75          1
  79            66          4
  80            84          6
  81           108          2
  82             5          1
  83            28          2
  84           111          9
  85            93         10
  87            21          1
  88            47          3
  89            87         12
  90            56          1
  91            24          2
  92            25          3
  93            16          4
  94            85          7
  95            81         11
  96            52         14
  97             8          1
  98            69          7
 100            64          5
 101            63         12
 102             4         14
 103            14         16
 104            36         18
 105            79          8
 106           101         11
 109            58          1
 110            97          2
 111            86          7
 112            70          5
 113            50          1
 114            92         13
 115            46          8
 116           104          4

Unmatched applicants
27
40
72
86
99
107
108


Post  Places filled Capacity          Assignees
  1           1         1          21
  2           1         1           6
  3           1         1          16
  4           1         1         102
  5           1         1          82
  6           1         1          54
  7           0         1      
  8           1         1          97
  9           1         1           5
 10           1         1          37
 11           1         1          18
 12           1         1          74
 13           1         1          30
 14           1         1         103
 15           1         1          70
 16           1         1          93
 17           1         1          71
 18           1         1          24
 19           1         1          59
 20           1         1           2
 21           1         1          87
 22           1         1          22
 23           1         1           4
 24           1         1          91
 25           1         1          92
 26           1         1          19
 27           1         1          64
 28           1         1          83
 29           1         1          55
 30           1         1          49
 31           1         1          50
 32           1         1          51
 33           1         1          42
 34           1         1           1
 35           1         1          43
 36           1         1         104
 37           1         1          36
 38           1         1          34
 39           1         1          28
 40           1         1          20
 41           0         1      
 42           1         1           3
 43           1         1          73
 44           1         1          25
 45           1         1          63
 46           1         1         115
 47           1         1          88
 48           1         1          12
 49           1         1          26
 50           1         1         113
 51           1         1          62
 52           1         1          96
 53           1         1          39
 54           1         1          61
 55           1         1          76
 56           1         1          90
 57           1         1          23
 58           1         1         109
 59           1         1          29
 60           1         1          13
 61           0         1      
 62           0         1      
 63           1         1         101
 64           1         1         100
 65           1         1          14
 66           1         1          79
 67           1         1          11
 68           1         1          32
 69           1         1          98
 70           1         1         112
 71           1         1          41
 72           1         1          66
 73           1         1          67
 74           1         1          38
 75           1         1          78
 76           1         1          35
 77           1         1          77
 78           1         1           7
 79           1         1         105
 80           1         1          46
 81           1         1          95
 82           1         1          47
 83           1         1          31
 84           1         1          80
 85           1         1          94
 86           1         1         111
 87           1         1          89
 88           1         1          56
 89           1         1          69
 90           1         1          57
 91           1         1          52
 92           1         1         114
 93           1         1          85
 94           1         1          75
 95           1         1          48
 96           0         1      
 97           1         1         110
 98           1         1          17
 99           1         1          44
100           1         1           8
101           1         1         106
102           1         1          15
103           1         1          60
104           1         1         116
105           1         1          58
106           1         1           9
107           1         1          68
108           1         1          81
109           1         1          10
110           1         1          65
111           1         1          84
112           1         1          53
113           1         1          33
114           1         1          45


Generous maximum matching
Matching size: 109
Matching weight: 592
Matching profile: (18,13,13,13,7,7,10,8,4,4,2,4,0,3,0,1,0,1,0,0,0,0,0,1)
Applicant  Assigned post  Rank
   1            26          3
   2            20          2
   3            42          1
   4            23          2
   5             9          4
   6             2          5
   7            78          8
   8           100          9
   9           106         10
  11            67          1
  12            97          7
  13            65          9
  14            48          8
  15           102          6
  16             3          1
  17            98          2
  18            11          3
  19            92          8
  20            40          1
  21             1          3
  22            22          4
  23            57          8
  24            18         11
  25            44          1
  26            45          2
  27            49          3
  28            59          4
  29            60          2
  30            13          1
  31            83          4
  32           105          5
  33            17          7
  34            38          1
  35            76          2
  36            37          3
  37            93          4
  38            74          1
  39            53          4
  40            21          3
  41            71          5
  42            33          2
  43            35          4
  44            82          4
  45           101          2
  46            27          3
  47            30         12
  48            80         24
  49            95         10
  50            31          1
  51            32          2
  52            91         12
  53            47          5
  54             6          1
  55            88          8
  56            29          3
  57            90          7
  58           114          2
  59           108          7
  60            54          9
  61           103         10
  62            51          6
  63           111          8
  64           112          9
  65           110          7
  66            34          2
  67            72          4
  68            73          6
  69            15          1
  70           107         10
  71            89         14
  73            99          7
  74            12          3
  75            94          6
  76            55          4
  77            77          5
  78            75          1
  79            66          4
  80            84          6
  81           109          3
  82             5          1
  83            28          2
  87           113          6
  88            87         12
  89            68          7
  90            56          1
  91            24          2
  92            25          3
  93            16          4
  94            85          7
  95            81         11
  96            52         14
  97             8          1
  98            19          3
  99            69          7
 100            64          5
 101            63         12
 102            43          1
 103             4         14
 104            14         16
 105            36         18
 106            79          8
 109            58          1
 110            70          5
 111            39          6
 112            86          7
 113            50          1
 114            46          8
 115            10          3
 116           104          4

Unmatched applicants
10
72
84
85
86
107
108


Post  Places filled Capacity          Assignees
  1           1         1          21
  2           1         1           6
  3           1         1          16
  4           1         1         103
  5           1         1          82
  6           1         1          54
  7           0         1      
  8           1         1          97
  9           1         1           5
 10           1         1         115
 11           1         1          18
 12           1         1          74
 13           1         1          30
 14           1         1         104
 15           1         1          69
 16           1         1          93
 17           1         1          33
 18           1         1          24
 19           1         1          98
 20           1         1           2
 21           1         1          40
 22           1         1          22
 23           1         1           4
 24           1         1          91
 25           1         1          92
 26           1         1           1
 27           1         1          46
 28           1         1          83
 29           1         1          56
 30           1         1          47
 31           1         1          50
 32           1         1          51
 33           1         1          42
 34           1         1          66
 35           1         1          43
 36           1         1         105
 37           1         1          36
 38           1         1          34
 39           1         1         111
 40           1         1          20
 41           0         1      
 42           1         1           3
 43           1         1         102
 44           1         1          25
 45           1         1          26
 46           1         1         114
 47           1         1          53
 48           1         1          14
 49           1         1          27
 50           1         1         113
 51           1         1          62
 52           1         1          96
 53           1         1          39
 54           1         1          60
 55           1         1          76
 56           1         1          90
 57           1         1          23
 58           1         1         109
 59           1         1          28
 60           1         1          29
 61           0         1      
 62           0         1      
 63           1         1         101
 64           1         1         100
 65           1         1          13
 66           1         1          79
 67           1         1          11
 68           1         1          89
 69           1         1          99
 70           1         1         110
 71           1         1          41
 72           1         1          67
 73           1         1          68
 74           1         1          38
 75           1         1          78
 76           1         1          35
 77           1         1          77
 78           1         1           7
 79           1         1         106
 80           1         1          48
 81           1         1          95
 82           1         1          44
 83           1         1          31
 84           1         1          80
 85           1         1          94
 86           1         1         112
 87           1         1          88
 88           1         1          55
 89           1         1          71
 90           1         1          57
 91           1         1          52
 92           1         1          19
 93           1         1          37
 94           1         1          75
 95           1         1          49
 96           0         1      
 97           1         1          12
 98           1         1          17
 99           1         1          73
100           1         1           8
101           1         1          45
102           1         1          15
103           1         1          61
104           1         1         116
105           1         1          32
106           1         1           9
107           1         1          70
108           1         1          59
109           1         1          81
110           1         1          65
111           1         1          63
112           1         1          64
113           1         1          87
114           1         1          58


Mincost maximum matching
Matching size: 109
Matching weight: 586
Matching profile: (20,13,11,15,7,6,8,8,4,5,2,4,0,3,0,1,0,1,0,0,0,0,0,1)
Applicant  Assigned post  Rank
   1            26          3
   2            20          2
   3            42          1
   4            23          2
   5             9          4
   6             2          5
   7            78          8
   8           106         10
   9           100          9
  11            67          1
  12            48          8
  13            60         10
  14            97          7
  15           102          6
  16             3          1
  17            98          2
  18            11          3
  19            92          8
  20            40          1
  21             1          3
  22            22          4
  23            57          8
  24            18         11
  25            44          1
  26            49          3
  27            45          2
  28            39          1
  29            59          4
  30            13          1
  31            83          4
  32            17          7
  33           105          5
  34            38          1
  35            76          2
  36            37          3
  37            93          4
  38            74          1
  39            53          4
  40            21          3
  41            35          4
  42            33          2
  43            71          5
  44            99          1
  45           101          2
  46            80         24
  47            82          4
  48            95         10
  49            30         12
  50            31          1
  51            32          2
  52            91         12
  53            47          5
  54             6          1
  55            88          8
  56            29          3
  57            90          7
  58           114          2
  59           109          8
  60            54          9
  61           103         10
  62            51          6
  63           112          9
  64            27          4
  65           110          7
  66            34          2
  67            72          4
  68            73          6
  69            15          1
  70           107         10
  71            89         14
  73            43          1
  74            12          3
  75            94          6
  76            77          5
  77            55          4
  78            75          1
  79            66          4
  80            84          6
  81           108          2
  82             5          1
  83            28          2
  84           111          9
  87            68          7
  88            87         12
  89           113          6
  90            56          1
  91            24          2
  92            25          3
  93            16          4
  94            85          7
  95            81         11
  96            52         14
  97             8          1
  98            19          3
  99            69          7
 100            64          5
 101            63         12
 102            79          8
 103             4         14
 104            14         16
 105            36         18
 109            58          1
 110            70          5
 111            86          7
 112            65          4
 113            50          1
 114            46          8
 115            10          3
 116           104          4

Unmatched applicants
10
72
85
86
106
107
108


Post  Places filled Capacity          Assignees
  1           1         1          21
  2           1         1           6
  3           1         1          16
  4           1         1         103
  5           1         1          82
  6           1         1          54
  7           0         1      
  8           1         1          97
  9           1         1           5
 10           1         1         115
 11           1         1          18
 12           1         1          74
 13           1         1          30
 14           1         1         104
 15           1         1          69
 16           1         1          93
 17           1         1          32
 18           1         1          24
 19           1         1          98
 20           1         1           2
 21           1         1          40
 22           1         1          22
 23           1         1           4
 24           1         1          91
 25           1         1          92
 26           1         1           1
 27           1         1          64
 28           1         1          83
 29           1         1          56
 30           1         1          49
 31           1         1          50
 32           1         1          51
 33           1         1          42
 34           1         1          66
 35           1         1          41
 36           1         1         105
 37           1         1          36
 38           1         1          34
 39           1         1          28
 40           1         1          20
 41           0         1      
 42           1         1           3
 43           1         1          73
 44           1         1          25
 45           1         1          27
 46           1         1         114
 47           1         1          53
 48           1         1          12
 49           1         1          26
 50           1         1         113
 51           1         1          62
 52           1         1          96
 53           1         1          39
 54           1         1          60
 55           1         1          77
 56           1         1          90
 57           1         1          23
 58           1         1         109
 59           1         1          29
 60           1         1          13
 61           0         1      
 62           0         1      
 63           1         1         101
 64           1         1         100
 65           1         1         112
 66           1         1          79
 67           1         1          11
 68           1         1          87
 69           1         1          99
 70           1         1         110
 71           1         1          43
 72           1         1          67
 73           1         1          68
 74           1         1          38
 75           1         1          78
 76           1         1          35
 77           1         1          76
 78           1         1           7
 79           1         1         102
 80           1         1          46
 81           1         1          95
 82           1         1          47
 83           1         1          31
 84           1         1          80
 85           1         1          94
 86           1         1         111
 87           1         1          88
 88           1         1          55
 89           1         1          71
 90           1         1          57
 91           1         1          52
 92           1         1          19
 93           1         1          37
 94           1         1          75
 95           1         1          48
 96           0         1      
 97           1         1          14
 98           1         1          17
 99           1         1          44
100           1         1           9
101           1         1          45
102           1         1          15
103           1         1          61
104           1         1         116
105           1         1          33
106           1         1           8
107           1         1          70
108           1         1          81
109           1         1          59
110           1         1          65
111           1         1          84
112           1         1          63
113           1         1          89
114           1         1          58


Greedy generous maximum matching
Matching size: 109
Matching weight: 643
Matching profile: (25,10,8,14,5,5,5,7,5,6,3,6,2,3,0,2,0,1,0,1,0,0,0,1)
Applicant  Assigned post  Rank
   1            34          1
   2            20          2
   3            42          1
   4            23          2
   5             9          4
   6             2          5
   7            78          8
   8           100          9
   9           106         10
  10           109         12
  11            67          1
  12            48          8
  13            60         10
  14            65          9
  15           102          6
  16             3          1
  17            98          2
  18            11          3
  19            26          4
  20            40          1
  21             1          3
  22            22          4
  23            57          8
  24            18         11
  25            44          1
  26            49          3
  28            39          1
  29            59          4
  30            13          1
  31            83          4
  32            68          8
  33           113          9
  34            38          1
  35            76          2
  36            37          3
  37            10         13
  38            74          1
  39            53          4
  41            71          5
  42            33          2
  43            35          4
  44            99          1
  45           114         16
  46            80         24
  47            82          4
  48            95         10
  49            30         12
  50            31          1
  51            32          2
  52            91         12
  53           112         20
  54             6          1
  55            29          3
  56            88          8
  57            90          7
  58           105          1
  59            19          1
  60           103         10
  61            54          9
  62            51          6
  63            45          1
  64            27          4
  65           110          7
  66            72          4
  67            73          6
  68           107         10
  69            89         14
  70            15          1
  71            17         12
  73            43          1
  74            12          3
  75            94          6
  76            55          4
  77            77          5
  78            75          1
  79            66          4
  80            84          6
  81           108          2
  82             5          1
  83            28          2
  84           111          9
  85            93         10
  87            21          1
  88            47          3
  89            87         12
  90            56          1
  91            24          2
  92            25          3
  93            16          4
  94            85          7
  95            81         11
  96            52         14
  97             8          1
  98            69          7
 100            64          5
 101            63         12
 102             4         14
 103            14         16
 104            36         18
 105            79          8
 106           101         11
 109            58          1
 110            97          2
 111            86          7
 112            70          5
 113            50          1
 114            92         13
 115            46          8
 116           104          4

Unmatched applicants
27
40
72
86
99
107
108


Post  Places filled Capacity          Assignees
  1           1         1          21
  2           1         1           6
  3           1         1          16
  4           1         1         102
  5           1         1          82
  6           1         1          54
  7           0         1      
  8           1         1          97
  9           1         1           5
 10           1         1          37
 11           1         1          18
 12           1         1          74
 13           1         1          30
 14           1         1         103
 15           1         1          70
 16           1         1          93
 17           1         1          71
 18           1         1          24
 19           1         1          59
 20           1         1           2
 21           1         1          87
 22           1         1          22
 23           1         1           4
 24           1         1          91
 25           1         1          92
 26           1         1          19
 27           1         1          64
 28           1         1          83
 29           1         1          55
 30           1         1          49
 31           1         1          50
 32           1         1          51
 33           1         1          42
 34           1         1           1
 35           1         1          43
 36           1         1         104
 37           1         1          36
 38           1         1          34
 39           1         1          28
 40           1         1          20
 41           0         1      
 42           1         1           3
 43           1         1          73
 44           1         1          25
 45           1         1          63
 46           1         1         115
 47           1         1          88
 48           1         1          12
 49           1         1          26
 50           1         1         113
 51           1         1          62
 52           1         1          96
 53           1         1          39
 54           1         1          61
 55           1         1          76
 56           1         1          90
 57           1         1          23
 58           1         1         109
 59           1         1          29
 60           1         1          13
 61           0         1      
 62           0         1      
 63           1         1         101
 64           1         1         100
 65           1         1          14
 66           1         1          79
 67           1         1          11
 68           1         1          32
 69           1         1          98
 70           1         1         112
 71           1         1          41
 72           1         1          66
 73           1         1          67
 74           1         1          38
 75           1         1          78
 76           1         1          35
 77           1         1          77
 78           1         1           7
 79           1         1         105
 80           1         1          46
 81           1         1          95
 82           1         1          47
 83           1         1          31
 84           1         1          80
 85           1         1          94
 86           1         1         111
 87           1         1          89
 88           1         1          56
 89           1         1          69
 90           1         1          57
 91           1         1          52
 92           1         1         114
 93           1         1          85
 94           1         1          75
 95           1         1          48
 96           0         1      
 97           1         1         110
 98           1         1          17
 99           1         1          44
100           1         1           8
101           1         1         106
102           1         1          15
103           1         1          60
104           1         1         116
105           1         1          58
106           1         1           9
107           1         1          68
108           1         1          81
109           1         1          10
110           1         1          65
111           1         1          84
112           1         1          53
113           1         1          33
114           1         1          45


Naive greedy matching
Matching size: 99
Matching weight: 492
Matching profile: (19,15,13,13,6,7,5,4,2,4,1,3,2,2,0,1,0,1,0,1)
Applicant  Assigned post  Rank
   1            26          3
   2            20          2
   3           106         10
   4             2          5
   5            42          1
   6             9          4
   7            23          2
  10            78          8
  11            67          1
  12           102          6
  13            18          5
  14           114          3
  15            68          2
  16            11          3
  17            98          2
  19             3          1
  20             1          3
  21            53          6
  22            22          4
  23            56          2
  24            40          1
  28            39          1
  29            60          2
  30            13          1
  31           113          9
  32            17          7
  33            83          4
  34            93          4
  35            76          2
  36            37          3
  37            38          1
  41            35          4
  43            33          2
  44           103         18
  45           101          2
  46            27          3
  47            30         12
  48            95         10
  49            99          1
  50            91         12
  51           112         20
  52            92         13
  53            47          5
  54            29          3
  55             6          1
  56            90          7
  57            49          4
  58           105          1
  59            19          1
  60            69          4
  61           108          7
  62            51          6
  63           110          7
  64            45          1
  65           104          6
  66            89         14
  67            15          1
  69            74          3
  70           107         10
  71            72          4
  72            34          2
  74            94          6
  75            77          5
  76            12          3
  78            66          4
  79            75          1
  80             8          2
  81           109          3
  82            31          6
  83            28          2
  84           111          9
  85             5          1
  86            32          8
  87            21          1
  88            71          4
  89            82          5
  90            57         13
  91            24          2
  92            81         11
  93            25          3
  94            85          7
  95            73          6
  96            16          4
 100            64          5
 101            63         12
 102            44          2
 103            43          1
 104             4         14
 105            79          8
 106            14         16
 107           100         10
 108            55          4
 109            58          1
 110            65          4
 111            48          3
 112            97          2
 113            50          1
 115            46          8
 116            10          3

Unmatched applicants
8
9
18
25
26
27
38
39
40
42
68
73
77
97
98
99
114


Post  Places filled Capacity          Assignees
  1           1         1          20
  2           1         1           4
  3           1         1          19
  4           1         1         104
  5           1         1          85
  6           1         1          55
  7           0         1      
  8           1         1          80
  9           1         1           6
 10           1         1         116
 11           1         1          16
 12           1         1          76
 13           1         1          30
 14           1         1         106
 15           1         1          67
 16           1         1          96
 17           1         1          32
 18           1         1          13
 19           1         1          59
 20           1         1           2
 21           1         1          87
 22           1         1          22
 23           1         1           7
 24           1         1          91
 25           1         1          93
 26           1         1           1
 27           1         1          46
 28           1         1          83
 29           1         1          54
 30           1         1          47
 31           1         1          82
 32           1         1          86
 33           1         1          43
 34           1         1          72
 35           1         1          41
 36           0         1      
 37           1         1          36
 38           1         1          37
 39           1         1          28
 40           1         1          24
 41           0         1      
 42           1         1           5
 43           1         1         103
 44           1         1         102
 45           1         1          64
 46           1         1         115
 47           1         1          53
 48           1         1         111
 49           1         1          57
 50           1         1         113
 51           1         1          62
 52           0         1      
 53           1         1          21
 54           0         1      
 55           1         1         108
 56           1         1          23
 57           1         1          90
 58           1         1         109
 59           0         1      
 60           1         1          29
 61           0         1      
 62           0         1      
 63           1         1         101
 64           1         1         100
 65           1         1         110
 66           1         1          78
 67           1         1          11
 68           1         1          15
 69           1         1          60
 70           0         1      
 71           1         1          88
 72           1         1          71
 73           1         1          95
 74           1         1          69
 75           1         1          79
 76           1         1          35
 77           1         1          75
 78           1         1          10
 79           1         1         105
 80           0         1      
 81           1         1          92
 82           1         1          89
 83           1         1          33
 84           0         1      
 85           1         1          94
 86           0         1      
 87           0         1      
 88           0         1      
 89           1         1          66
 90           1         1          56
 91           1         1          50
 92           1         1          52
 93           1         1          34
 94           1         1          74
 95           1         1          48
 96           0         1      
 97           1         1         112
 98           1         1          17
 99           1         1          49
100           1         1         107
101           1         1          45
102           1         1          12
103           1         1          44
104           1         1          65
105           1         1          58
106           1         1           3
107           1         1          70
108           1         1          61
109           1         1          81
110           1         1          63
111           1         1          84
112           1         1          51
113           1         1          31
114           1         1          14
